[LEFT_CAM_2K]
fx=1059.22
fy=1058.64
cx=1103.32
cy=593.407
k1=-0.0418782
k2=0.0106298
k3=-0.00507541
p1=-0.000495605
p2=-0.00036628

[RIGHT_CAM_2K]
fx=1058.39
fy=1057.89
cx=1127.18
cy=598.864
k1=-0.0430645
k2=0.0121
k3=-0.00544613
p1=-0.000549084
p2=0.000373801

[LEFT_CAM_FHD]
fx=1059.22
fy=1058.64
cx=959.32
cy=512.407
k1=-0.0418782
k2=0.0106298
k3=-0.00507541
p1=-0.000495605
p2=-0.00036628

[RIGHT_CAM_FHD]
fx=1058.39
fy=1057.89
cx=983.18
cy=517.864
k1=-0.0430645
k2=0.0121
k3=-0.00544613
p1=-0.000549084
p2=0.000373801

[LEFT_CAM_HD]
fx=529.61
fy=529.32
cx=638.16
cy=344.7035
k1=-0.0418782
k2=0.0106298
k3=-0.00507541
p1=-0.000495605
p2=-0.00036628

[RIGHT_CAM_HD]
fx=529.195
fy=528.945
cx=650.09
cy=347.432
k1=-0.0430645
k2=0.0121
k3=-0.00544613
p1=-0.000549084
p2=0.000373801

[LEFT_CAM_VGA]
fx=264.805
fy=264.66
cx=334.58
cy=179.85175
k1=-0.0418782
k2=0.0106298
k3=-0.00507541
p1=-0.000495605
p2=-0.00036628

[RIGHT_CAM_VGA]
fx=264.5975
fy=264.4725
cx=340.545
cy=181.216
k1=-0.0430645
k2=0.0121
k3=-0.00544613
p1=-0.000549084
p2=0.000373801

[STEREO]
Baseline=119.755
TY=-0.0906361
TZ=-0.204191
CV_2K=-0.00154359
CV_FHD=-0.00154359
CV_HD=-0.00154359
CV_VGA=-0.00154359
RX_2K=0.00272152
RX_FHD=0.00272152
RX_HD=0.00272152
RX_VGA=0.00272152
RZ_2K=-0.000448478
RZ_FHD=-0.000448478
RZ_HD=-0.000448478
RZ_VGA=-0.000448478
